49,3
49,2
49,1
49,0
48,3
48,2
48,1
48,0
45,4
45,3
45,2
45,1
45,0
44,5
44,4
44,3
44,2
44,1
44,0
43,4
43,3
43,2
43,1
43,0
41,5
41,4
41,3
41,2
41,1
41,0
38,5
38,4
38,3
38,2
38,1
38,0
36,5
36,4
10,135
10,153
10,237
36,3
10,271
36,2
10,83
10,179
10,169
10,125
11,9
11,13
11,5
11,11
11,2
11,3
9,5
9,2
9,3
36,1
36,0
34,5
34,4
8,6
34,3
8,15
34,2
8,14
34,1
34,0
8,8
32,4
32,3
8,13
8,2
32,2
32,1
8,3
32,0
27,5
27,4
27,3
27,2
27,1
27,0
24,3
24,2
24,1
24,0
12,3
12,2
12,1
11,29
11,28
11,27
11,26
11,25
11,24
11,23
11,22
11,21
11,20
11,1
20,2
20,1
20,3
11,6
19,2
19,1
19,3
10,278
10,234
